8Heapsort
~~~~~~~~~~~~~~~~~~~~~~~~~~~~~~~~~~~

steps:  10
runs:    1

       elements|       ascending|      descending|          random
-------------------------------------------------------------
          16000|         3.71021|         3.70621|         2.77616
          32000|         3.68921|         3.68521|         2.60215
          64000|         3.70521|         3.68521|         2.47714
         128000|         3.68221|         3.68821|         2.42214
         256000|         3.68821|         3.67021|         2.41314
         512000|         3.67021|         3.65521|         2.47014
        1024000|         3.66621|         3.61021|         2.61715
        2048000|          3.5792|          3.5592|         2.98617
        4096000