Insertion Sort (16InsertionSort_v1)
~~~~~~~~~~~~~~~~~~~~~~~~~~~~~~~~~~~

steps:  9
runs:   1

elements       | random         | ascending      | descending     
-------------------------------------------------------------
500            | 0.00000000     | 0.00000000     | 0.00000000     
1000           | 0.00000000     | 0.00000000     | 0.00100000     
2000           | 0.00100000     | 0.00000000     | 0.00200000     
4000           | 0.00300000     | 0.00000000     | 0.00800100     
8000           | 0.01500000     | 0.00000000     | 0.02900200     
16000          | 0.05900300     | 0.00000000     | 0.11700700     
32000          | 0.23501400     | 0.00000000     | 0.46802600     
64000          | 0.94305300     | 0.00000000     | 1.89610800     
128000         | 3.82521900     | 0.00000000     | 7.68143900     



Insertion Sort (16InsertionSort_v2)
~~~~~~~~~~~~~~~~~~~~~~~~~~~~~~~~~~~

steps:  9
runs:   1

elements       | random         | ascending      | descending     
-------------------------------------------------------------
500            | 0.00000000     | 0.00000000     | 0.00000000     
1000           | 0.00100000     | 0.00000000     | 0.00000000     
2000           | 0.00100000     | 0.00000000     | 0.00200000     
4000           | 0.00400000     | 0.00000000     | 0.00700100     
8000           | 0.01500000     | 0.00000000     | 0.02900200     
16000          | 0.05800300     | 0.00000000     | 0.11700700     
32000          | 0.23401400     | 0.00000000     | 0.47802700     
64000          | 0.96405500     | 0.00000000     | 1.89410900     
128000         | 3.86922100     | 0.00000000     | 7.63943700     



Insertion Sort (16InsertionSort_v3)
~~~~~~~~~~~~~~~~~~~~~~~~~~~~~~~~~~~

steps:  9
runs:   1

elements       | random         | ascending      | descending     
-------------------------------------------------------------
500            | 0.00000000     | 0.00000000     | 0.00000000     
1000           | 0.00000000     | 0.00000000     | 0.00100100     
2000           | 0.00100000     | 0.00000000     | 0.00200000     
4000           | 0.00300000     | 0.00000000     | 0.00800000     
8000           | 0.01500100     | 0.00000000     | 0.02900200     
16000          | 0.05900300     | 0.00000000     | 0.11800700     
32000          | 0.23501300     | 0.00000000     | 0.48002700     
64000          | 0.96905600     | 0.00000000     | 1.90410800     
128000         | 3.79221700     | 0.00100000     | 7.67743900     



