12Mergesort_BU
~~~~~~~~~~~~~~~~~~~~~~~~~~~~~~~~~~~

steps:  10
runs:    1

       elements|       ascending|      descending|          random
-------------------------------------------------------------
          16000|        0.608401|        0.608401|        0.592802
          32000|        0.608401|        0.608401|        0.610401
          64000|        0.625001|        0.592801|        0.612401
         128000|        0.592801|        0.608402|        0.608401
         256000|        0.609401|        0.609401|        0.609401
         512000|        0.608401|        0.593801|        0.640601
        1024000|        0.608401|        0.608402|        0.670801
        2048000|        0.608401|        0.593801|        0.748801
        4096000|         0.59941|        0.608401|         0.90841
        8192000|        0.608401|        0.628001|          1.2168



17Mergesort_Natural
~~~~~~~~~~~~~~~~~~~~~~~~~~~~~~~~~~~

steps:  10
runs:    1

       elements|       ascending|      descending|          random
-------------------------------------------------------------
          16000|          0.0156|          0.0312|          0.0156
          32000|          0.0156|          0.0156|          0.0312
          64000|          0.0156|          0.0156|          0.0312
         128000|          0.0156|          0.0312|          0.0312
         256000|          0.0156|          0.0312|          0.0468
         512000|          0.0156|          0.0468|        0.078001
        1024000|          0.0312|           0.078|          0.1404
        2048000|          0.0312|           0.156|          0.2808
        4096000|          0.0312|        0.312001|        0.561601
        8192000|          0.0156|        0.624812|         1.16961



